check_speech_time_PRF.py
NHK0825
precision:0.8948907451048131
recall:0.9159678722974338
f-measure:0.9053066471950222

NHK0826
precision:0.840876327243492
recall:0.9553826649132615
f-measure:0.894479771449636

NHK1112
precision:0.8830400802440758
recall:0.8598783143072258
f-measure:0.8713052981020032

NHK1113
precision:0.9006170177183548
recall:0.8332926134050004
f-measure:0.8656477764476462

NHK1114
precision:0.9095038635933476
recall:0.903046050266366
f-measure:0.9062634528734314

##################################################################################################
baseline

iv_th : 0.5
NHK0825
1
0.7593984962406015,0.9928571428571429,0.6881188118811881,0.8128654970760234
NHK0826
3
0.7330097087378641,0.8,0.5888324873096447,0.6783625730994152
NHK1112
2
0.7479674796747967,0.7751937984496124,0.7518796992481203,0.7633587786259542
NHK1113
2
0.6039603960396039,0.7202072538860104,0.5673469387755102,0.634703196347032
NHK1114
2
0.8014705882352942,0.7352941176470589,0.9569377990430622,0.8316008316008316
total
72.80524722502523,78.76984126984127,70.9562109025916,74.65914433474377

iv_th : 0.6
NHK0825
1
0.8233082706766918,0.9642857142857143,0.7627118644067796,0.8517350157728707
NHK0826
2
0.837378640776699,0.7034482758620689,0.8095238095238095,0.7527675276752768
NHK1112
2
0.766260162601626,0.6821705426356589,0.8421052631578947,0.7537473233404711
NHK1113
2
0.6881188118811881,0.6010362694300518,0.703030303030303,0.6480446927374302
NHK1114
2
0.7598039215686274,0.6580882352941176,0.9728260869565217,0.7850877192982456
total
77.14429868819374,70.23809523809523,82.22996515679442,75.76243980738363

iv_th : 0.7
NHK0825
1
0.8383458646616542,0.85,0.8439716312056738,0.8469750889679715
NHK0826
1
0.7548543689320388,0.33793103448275863,0.9074074074074074,0.4924623115577889
NHK1112
2
0.6504065040650406,0.37209302325581395,0.9056603773584906,0.5274725274725275
NHK1113
2
0.6460396039603961,0.34196891191709844,0.8048780487804879,0.4799999999999999
NHK1114
1
0.5514705882352942,0.33455882352941174,0.978494623655914,0.4986301369863013
total
67.6084762865792,41.76587301587302,88.4453781512605,56.73854447439353



###############################################################################################################
timeonly

iv_th : 0.5
NHK0825
2
0.706766917293233,1.0,0.6422018348623854,0.7821229050279329
NHK0826
3
0.6237864077669902,0.8413793103448276,0.48031496062992124,0.6115288220551378
NHK1112
3
0.782520325203252,0.813953488372093,0.7806691449814126,0.7969639468690702
NHK1113
2
0.5445544554455446,0.7357512953367875,0.5163636363636364,0.6068376068376068
NHK1114
2
0.8382352941176471,0.7867647058823529,0.963963963963964,0.8663967611336032
total
70.23208879919274,82.14285714285714,66.88206785137318,73.73107747105966

iv_th : 0.6
NHK0825
1
0.8007518796992481,0.9928571428571429,0.7277486910994765,0.8398791540785498
NHK0826
2
0.8883495145631068,0.8206896551724138,0.8561151079136691,0.8380281690140844
NHK1112
2
0.8048780487804879,0.7790697674418605,0.8375,0.8072289156626506
NHK1113
2
0.6683168316831684,0.7046632124352331,0.6384976525821596,0.6699507389162561
NHK1114
2
0.8333333333333334,0.7610294117647058,0.9857142857142858,0.8589211618257261
total
79.96972754793138,79.56349206349206,80.76535750251762,80.15992003998001

iv_th : 0.7
NHK0825
1
0.8609022556390977,0.9785714285714285,0.8011695906432749,0.8810289389067525
NHK0826
2
0.8956310679611651,0.7655172413793103,0.925,0.8377358490566038
NHK1112
2
0.8008130081300813,0.7364341085271318,0.8636363636363636,0.7949790794979078
NHK1113
2
0.745049504950495,0.6580310880829016,0.774390243902439,0.711484593837535
NHK1114
2
0.7990196078431373,0.7095588235294118,0.9846938775510204,0.8247863247863249
total
81.68516649848637,75.1984126984127,87.0264064293915,80.68121341138904

iv_th : 0.8
NHK0825
1
0.9022556390977443,0.9214285714285714,0.8958333333333334,0.9084507042253521
NHK0826
1
0.8203883495145631,0.496551724137931,0.9863013698630136,0.6605504587155963
NHK1112
2
0.725609756097561,0.5658914728682171,0.863905325443787,0.6838407494145199
NHK1113
2
0.7004950495049505,0.43005181347150256,0.8829787234042553,0.5783972125435539
NHK1114
1
0.6544117647058824,0.4889705882352941,0.9851851851851852,0.6535626535626535
total
74.92431886982845,55.85317460317461,91.54471544715447,69.37769562538509


##################################################################################################
time_and_iv

iv_th : 0.5
NHK0825
2
0.706766917293233,1.0,0.6422018348623854,0.7821229050279329
NHK0826
3
0.6237864077669902,0.8413793103448276,0.48031496062992124,0.6115288220551378
NHK1112
3
0.782520325203252,0.813953488372093,0.7806691449814126,0.7969639468690702
NHK1113
2
0.5445544554455446,0.7357512953367875,0.5163636363636364,0.6068376068376068
NHK1114
2
0.8382352941176471,0.7867647058823529,0.963963963963964,0.8663967611336032
total
70.23208879919274,82.14285714285714,66.88206785137318,73.73107747105966

iv_th : 0.6
NHK0825
1
0.8007518796992481,0.9928571428571429,0.7277486910994765,0.8398791540785498
NHK0826
2
0.8883495145631068,0.8206896551724138,0.8561151079136691,0.8380281690140844
NHK1112
2
0.8028455284552846,0.7790697674418605,0.8340248962655602,0.8056112224448898
NHK1113
2
0.6683168316831684,0.7046632124352331,0.6384976525821596,0.6699507389162561
NHK1114
2
0.8333333333333334,0.7610294117647058,0.9857142857142858,0.8589211618257261
total
79.91927346115035,79.56349206349206,80.6841046277666,80.11988011988012

iv_th : 0.7
NHK0825
1
0.8609022556390977,0.9785714285714285,0.8011695906432749,0.8810289389067525
NHK0826
2
0.8956310679611651,0.7655172413793103,0.925,0.8377358490566038
NHK1112
2
0.8008130081300813,0.7364341085271318,0.8636363636363636,0.7949790794979078
NHK1113
2
0.745049504950495,0.6580310880829016,0.774390243902439,0.711484593837535
NHK1114
2
0.8014705882352942,0.7132352941176471,0.9847715736040609,0.8272921108742004
total
81.73562058526741,75.29761904761905,87.04128440366972,80.74468085106385

iv_th : 0.8
NHK0825
1
0.9022556390977443,0.9214285714285714,0.8958333333333334,0.9084507042253521
NHK0826
1
0.8203883495145631,0.496551724137931,0.9863013698630136,0.6605504587155963
NHK1112
2
0.725609756097561,0.5658914728682171,0.863905325443787,0.6838407494145199
NHK1113
2
0.7029702970297029,0.43523316062176165,0.8842105263157894,0.5833333333333334
NHK1114
1
0.6544117647058824,0.4889705882352941,0.9851851851851852,0.6535626535626535
total
74.97477295660948,55.952380952380956,91.55844155844156,69.45812807881775


##################################################################################################
background noise only

iv_th : 0.5
NHK0825
1
0.575187969924812,0.9928571428571429,0.5537848605577689,0.7109974424552429
NHK0826
2
0.44902912621359226,0.7862068965517242,0.36774193548387096,0.5010989010989012
NHK1112
2
0.6402439024390244,0.7945736434108527,0.6231003039513677,0.6984667802385008
NHK1113
2
0.5222772277227723,0.7253886010362695,0.5,0.5919661733615222
NHK1114
2
0.6593137254901961,0.7794117647058824,0.7285223367697594,0.7531083481349911
total
57.16448032290615,80.35714285714286,55.441478439425055,65.61360874848116

iv_th : 0.6
NHK0825
1
0.5789473684210527,0.9857142857142858,0.5564516129032258,0.7113402061855669
NHK0826
4
0.4733009708737864,0.6896551724137931,0.36764705882352944,0.4796163069544364
NHK1112
2
0.6585365853658537,0.7441860465116279,0.6530612244897959,0.6956521739130435
NHK1113
2
0.551980198019802,0.7098445595854922,0.5229007633587787,0.6021978021978023
NHK1114
2
0.6838235294117647,0.6617647058823529,0.8294930875576036,0.736196319018405
total
59.28355196770938,74.10714285714286,57.772621809744784,64.92829204693612

iv_th : 0.7
NHK0825
3
0.7969924812030075,0.9428571428571428,0.7415730337078652,0.8301886792452831
NHK0826
5
0.4733009708737864,0.4413793103448276,0.32,0.3710144927536232
NHK1112
2
0.725609756097561,0.686046511627907,0.7662337662337663,0.7239263803680982
NHK1113
2
0.5445544554455446,0.6476683937823834,0.5186721991701245,0.5760368663594471
NHK1114
3
0.6446078431372549,0.5735294117647058,0.8432432432432433,0.6827133479212254
total
62.916246215943495,64.88095238095238,63.18840579710145,64.02349486049927

iv_th : 0.8
NHK0825
3
0.8195488721804511,0.9285714285714286,0.7738095238095238,0.8441558441558441
NHK0826
5
0.7233009708737864,0.4,0.6823529411764706,0.5043478260869565
NHK1112
2
0.6747967479674797,0.5155038759689923,0.7916666666666666,0.6244131455399062
NHK1113
2
0.5767326732673267,0.5284974093264249,0.5604395604395604,0.544
NHK1114
2
0.5906862745098039,0.44485294117647056,0.8832116788321168,0.5916870415647921
total
66.70030272452068,53.96825396825397,73.51351351351352,62.2425629290618

iv_th : 0.9
NHK0825
3
0.6917293233082706,0.6642857142857143,0.7265625,0.6940298507462687
NHK0826
6
0.5776699029126213,0.06896551724137931,0.20408163265306123,0.10309278350515462
NHK1112
3
0.5365853658536586,0.11627906976744186,1.0,0.20833333333333334
NHK1113
4
0.5965346534653465,0.21243523316062177,0.7884615384615384,0.3346938775510204
NHK1114
1
0.4485294117647059,0.20588235294117646,0.8615384615384616,0.33234421364985167
total
56.00403632694248,22.817460317460316,70.98765432098766,34.53453453453454

##################################################################################################

connect_background_noise and time
iv_th : 0.5
NHK0825
2
0.7180451127819549,0.9928571428571429,0.6525821596244131,0.7875354107648725
NHK0826
3
0.6650485436893204,0.8413793103448276,0.5147679324894515,0.6387434554973822
NHK1112
3
0.782520325203252,0.8178294573643411,0.7785977859778598,0.7977315689981096
NHK1113
2
0.556930693069307,0.7357512953367875,0.5259259259259259,0.6133909287257019
NHK1114
2
0.8357843137254902,0.7794117647058824,0.9680365296803652,0.8635437881873727
total
71.44298688193743,81.94444444444444,68.26446280991736,74.48151487826871

iv_th : 0.6
NHK0825
1
0.7969924812030075,0.9857142857142858,0.7263157894736842,0.8363636363636364
NHK0826
2
0.8859223300970874,0.8275862068965517,0.8450704225352113,0.8362369337979093
NHK1112
2
0.8008130081300813,0.7751937984496124,0.8333333333333334,0.8032128514056225
NHK1113
2
0.6831683168316832,0.7046632124352331,0.6570048309178744,0.6799999999999999
NHK1114
2
0.8186274509803921,0.7389705882352942,0.9852941176470589,0.8445378151260504
total
79.76791120080726,78.86904761904762,80.87487283825025,79.85936715218483

iv_th : 0.7
NHK0825
1
0.8533834586466166,0.9642857142857143,0.7988165680473372,0.8737864077669902
NHK0826
2
0.8859223300970874,0.7379310344827587,0.9224137931034483,0.8199233716475096
NHK1112
2
0.7723577235772358,0.686046511627907,0.8509615384615384,0.759656652360515
NHK1113
2
0.7326732673267327,0.6010362694300518,0.7891156462585034,0.6823529411764706
NHK1114
2
0.7745098039215687,0.6691176470588235,0.9891304347826086,0.7982456140350876
total
79.91927346115035,71.13095238095238,87.01456310679612,78.27510917030567

iv_th : 0.8
NHK0825
1
0.8609022556390977,0.8428571428571429,0.8872180451127819,0.8644688644688644
NHK0826
1
0.7815533980582524,0.38620689655172413,0.9824561403508771,0.5544554455445545
NHK1112
2
0.6524390243902439,0.4108527131782946,0.848,0.5535248041775458
NHK1113
2
0.6485148514851485,0.3160621761658031,0.8591549295774648,0.4621212121212121
NHK1114
1
0.6053921568627451,0.41544117647058826,0.9826086956521739,0.5839793281653747
total
69.67709384460142,45.03968253968254,90.61876247504989,60.17229953611663
