6
7
8
9
10
11
12
13
14
15
16
20
21
22
23
24
25
26
27
28
29
30
33
34
35
36
38
39
40
41
43
44
45
46
47
48
49
50
51
52
53
54
55
56
57
58
59
60
62
63
64
65
66
67
68
69
70
71
76
77
78
79
80
81
83
84
85
86
87
88
89
90
116
117
118
119
122
123
124
125
126
127
128
129
130
131
132
134
136
137
138
139
140
141
142
143
144
145
146
147
148
149
150
151
152
153
154
155
156
157
158
159
160
161
162
163
167
168
169
171
172
173
174
175
176
177
178
179
189
190
191
193
194
195
196
197
198
199
200
201
202
203
204
205
206
207
209
210
211
214
215
216
217
218
219
226
227
228
229
230
231
232
233
234
235
236
237
238
239
240
243
244
245
246
247
250
251
252
253
254
261
262
263
264
266
267
268
269
270
271
275
276
277
278
387
388
389
390
391
392
393
397
398
399
401
402
403
404
405
407
408
410
418
419
451
452
